934800518
884517707
1177897229
963305436
1499507616
738906611
331195783
2105990280
908120232
1156174610
1974301138
1243146559
865107035
996012388
1435221378
422646705
198319510
1422284410
186150513
97872730
177819325
1461742181
10839709
1767478925
1459212872
378327796
1863725647
1678689112
822225271
876211432
281097856
1757025790
1760729139
1458995085
572847578
1112753108
50418049
904043361
1071259740
958538281
2060217971
898077230
54201193
777841358
1894089618
1489422571
1200488064
2092409128
764223333
1386638577
42798210
942042658
700897110
53637920
562037935
12626334
431965716
278279934
1691315447
1254190987
1154491367
1972413303
863733129
767736858
1283924740
1436580707
1880489966
1334342789
193140421
804266058
145397423
105874744
1702343288
199598616
883716103
1448949258
1689021187
2084204167
1393874738
305760872
1323359096
1436672949
1247803530
2024256206
1490310869
1809841466
2036882540
1922276585
2088121400
1580714339
1028983924
1095129119
1405643994
1892717054
1862865978
542085087
1181814113
1595872296
1876427876
1374954534
252654707
2021825299
1480829279
1954997995
73940267
217061734
1256463606
1762961454
153782253
502854696
2068722326
1477141349
1939527645
1169042209
1353913907
1282354866
831400027
1243312799
1057147803
772037779
676543491
2086131728
1867166899
2082187485
1831365134
1582549229
476788924
865695599
1030937877
205733153
93166486
1283592584
80074804
1573995765
1091106932
154015072
1791057499
200086890
1916976526
1944839752
702941586
1838215205
1274497453
494985584
859773766
480927712
1777340450
1691173793
1724240511
687004606
315727924
253300354
625652686
35411175
188004192
309534172
1617960404
664793116
1175229771
501414634
870526269
1268396257
1785007218
950601074
694908374
728630502
1104616146
338482225
928717392
874109024
135838329
1631658979
564840581
1410335782
2126644563
1424614347
1891263494
1756501365
968304492
1468020358
296022323
1284032417
1721320712
921675009
1319443592
1909324904
1231209181
789920349
426634373
258955305
1291334983
1297160642
1527351562
928858553
100278068
74776289
1657489056
1204894214
413258514
438722800
2079003239
549096844
2070381779
496360172
1959432626
2049542694
1920974520
1703212473
1658560412
741795364
1023749183
1954582735
2025827781
597586247
728774097
1197787726
359427504
1959983278
1987708075
786061877
71454935
1131559410
2083222519
1598806498
2060417963
36016940
1673582787
1570423371
1240911154
2086841301
2009146172
1172430745
488454497
1932044303
1668790918
300403476
1834103350
1442281790
2003615949
1345180114
36593506
879881484
1152279201
2062421288
1477467731
1881053298
1112725366
1836895235
1693552929
952949793
475473464
1765007864
2084509203
411212336